{
 "cells": [
  {
   "cell_type": "code",
   "execution_count": 1,
   "id": "51baf83f",
   "metadata": {},
   "outputs": [
    {
     "data": {
      "text/html": [
       "<div>\n",
       "<style scoped>\n",
       "    .dataframe tbody tr th:only-of-type {\n",
       "        vertical-align: middle;\n",
       "    }\n",
       "\n",
       "    .dataframe tbody tr th {\n",
       "        vertical-align: top;\n",
       "    }\n",
       "\n",
       "    .dataframe thead th {\n",
       "        text-align: right;\n",
       "    }\n",
       "</style>\n",
       "<table border=\"1\" class=\"dataframe\">\n",
       "  <thead>\n",
       "    <tr style=\"text-align: right;\">\n",
       "      <th></th>\n",
       "      <th>nr os</th>\n",
       "      <th>nr oj</th>\n",
       "      <th>nr ma</th>\n",
       "      <th>rok</th>\n",
       "      <th>ferma</th>\n",
       "      <th>liur</th>\n",
       "      <th>liod</th>\n",
       "      <th>c1(BS)</th>\n",
       "      <th>c2(CT)</th>\n",
       "      <th>c3(CP)</th>\n",
       "      <th>c4(CD)</th>\n",
       "      <th>c5(HL)</th>\n",
       "      <th>c6(PS)</th>\n",
       "      <th>c7(GA)</th>\n",
       "      <th>LOP</th>\n",
       "    </tr>\n",
       "  </thead>\n",
       "  <tbody>\n",
       "    <tr>\n",
       "      <th>nr os</th>\n",
       "      <td>912092.504890</td>\n",
       "      <td>8.454658e+05</td>\n",
       "      <td>9.702963e+05</td>\n",
       "      <td>1140.711800</td>\n",
       "      <td>-143.060441</td>\n",
       "      <td>-64.550815</td>\n",
       "      <td>-156.250312</td>\n",
       "      <td>58.982765</td>\n",
       "      <td>-102.330497</td>\n",
       "      <td>-15.958693</td>\n",
       "      <td>4.469364</td>\n",
       "      <td>-170.909327</td>\n",
       "      <td>-114.243849</td>\n",
       "      <td>93.849256</td>\n",
       "      <td>-249.667371</td>\n",
       "    </tr>\n",
       "    <tr>\n",
       "      <th>nr oj</th>\n",
       "      <td>845465.759972</td>\n",
       "      <td>2.430976e+06</td>\n",
       "      <td>1.099475e+06</td>\n",
       "      <td>1113.857828</td>\n",
       "      <td>-44.924709</td>\n",
       "      <td>-82.301125</td>\n",
       "      <td>-150.870846</td>\n",
       "      <td>119.847562</td>\n",
       "      <td>-74.629322</td>\n",
       "      <td>-7.089645</td>\n",
       "      <td>1.839809</td>\n",
       "      <td>-168.637276</td>\n",
       "      <td>-50.143937</td>\n",
       "      <td>53.271821</td>\n",
       "      <td>-120.538451</td>\n",
       "    </tr>\n",
       "    <tr>\n",
       "      <th>nr ma</th>\n",
       "      <td>970296.271841</td>\n",
       "      <td>1.099475e+06</td>\n",
       "      <td>2.873119e+06</td>\n",
       "      <td>1167.603400</td>\n",
       "      <td>-302.832300</td>\n",
       "      <td>-328.171033</td>\n",
       "      <td>-414.548279</td>\n",
       "      <td>28.692425</td>\n",
       "      <td>-135.954878</td>\n",
       "      <td>-22.286269</td>\n",
       "      <td>16.972800</td>\n",
       "      <td>-194.998492</td>\n",
       "      <td>-200.218522</td>\n",
       "      <td>129.698388</td>\n",
       "      <td>-369.639374</td>\n",
       "    </tr>\n",
       "    <tr>\n",
       "      <th>rok</th>\n",
       "      <td>1140.711800</td>\n",
       "      <td>1.113858e+03</td>\n",
       "      <td>1.167603e+03</td>\n",
       "      <td>1.614061</td>\n",
       "      <td>-0.038929</td>\n",
       "      <td>-0.077267</td>\n",
       "      <td>-0.103476</td>\n",
       "      <td>0.166985</td>\n",
       "      <td>-0.104478</td>\n",
       "      <td>-0.011040</td>\n",
       "      <td>-0.014500</td>\n",
       "      <td>-0.185145</td>\n",
       "      <td>-0.008470</td>\n",
       "      <td>0.066803</td>\n",
       "      <td>-0.094624</td>\n",
       "    </tr>\n",
       "    <tr>\n",
       "      <th>ferma</th>\n",
       "      <td>-143.060441</td>\n",
       "      <td>-4.492471e+01</td>\n",
       "      <td>-3.028323e+02</td>\n",
       "      <td>-0.038929</td>\n",
       "      <td>0.326945</td>\n",
       "      <td>0.140154</td>\n",
       "      <td>0.274819</td>\n",
       "      <td>0.035884</td>\n",
       "      <td>0.063182</td>\n",
       "      <td>0.052001</td>\n",
       "      <td>-0.012010</td>\n",
       "      <td>0.076146</td>\n",
       "      <td>0.182832</td>\n",
       "      <td>-0.107521</td>\n",
       "      <td>0.288857</td>\n",
       "    </tr>\n",
       "    <tr>\n",
       "      <th>liur</th>\n",
       "      <td>-64.550815</td>\n",
       "      <td>-8.230113e+01</td>\n",
       "      <td>-3.281710e+02</td>\n",
       "      <td>-0.077267</td>\n",
       "      <td>0.140154</td>\n",
       "      <td>2.039003</td>\n",
       "      <td>1.582235</td>\n",
       "      <td>-0.032133</td>\n",
       "      <td>-0.022689</td>\n",
       "      <td>0.041628</td>\n",
       "      <td>0.000221</td>\n",
       "      <td>0.006943</td>\n",
       "      <td>0.007392</td>\n",
       "      <td>-0.032086</td>\n",
       "      <td>-0.027502</td>\n",
       "    </tr>\n",
       "    <tr>\n",
       "      <th>liod</th>\n",
       "      <td>-156.250312</td>\n",
       "      <td>-1.508708e+02</td>\n",
       "      <td>-4.145483e+02</td>\n",
       "      <td>-0.103476</td>\n",
       "      <td>0.274819</td>\n",
       "      <td>1.582235</td>\n",
       "      <td>2.159523</td>\n",
       "      <td>0.035407</td>\n",
       "      <td>0.050393</td>\n",
       "      <td>0.046991</td>\n",
       "      <td>-0.000074</td>\n",
       "      <td>0.069614</td>\n",
       "      <td>0.134382</td>\n",
       "      <td>-0.108549</td>\n",
       "      <td>0.240212</td>\n",
       "    </tr>\n",
       "    <tr>\n",
       "      <th>c1(BS)</th>\n",
       "      <td>58.982765</td>\n",
       "      <td>1.198476e+02</td>\n",
       "      <td>2.869243e+01</td>\n",
       "      <td>0.166985</td>\n",
       "      <td>0.035884</td>\n",
       "      <td>-0.032133</td>\n",
       "      <td>0.035407</td>\n",
       "      <td>1.118227</td>\n",
       "      <td>0.063777</td>\n",
       "      <td>-0.028292</td>\n",
       "      <td>-0.001336</td>\n",
       "      <td>-0.021928</td>\n",
       "      <td>0.087218</td>\n",
       "      <td>-0.093390</td>\n",
       "      <td>1.103493</td>\n",
       "    </tr>\n",
       "    <tr>\n",
       "      <th>c2(CT)</th>\n",
       "      <td>-102.330497</td>\n",
       "      <td>-7.462932e+01</td>\n",
       "      <td>-1.359549e+02</td>\n",
       "      <td>-0.104478</td>\n",
       "      <td>0.063182</td>\n",
       "      <td>-0.022689</td>\n",
       "      <td>0.050393</td>\n",
       "      <td>0.063777</td>\n",
       "      <td>0.354610</td>\n",
       "      <td>-0.007110</td>\n",
       "      <td>0.007261</td>\n",
       "      <td>0.017790</td>\n",
       "      <td>0.078104</td>\n",
       "      <td>-0.049855</td>\n",
       "      <td>0.454503</td>\n",
       "    </tr>\n",
       "    <tr>\n",
       "      <th>c3(CP)</th>\n",
       "      <td>-15.958693</td>\n",
       "      <td>-7.089645e+00</td>\n",
       "      <td>-2.228627e+01</td>\n",
       "      <td>-0.011040</td>\n",
       "      <td>0.052001</td>\n",
       "      <td>0.041628</td>\n",
       "      <td>0.046991</td>\n",
       "      <td>-0.028292</td>\n",
       "      <td>-0.007110</td>\n",
       "      <td>0.188662</td>\n",
       "      <td>-0.000819</td>\n",
       "      <td>-0.012871</td>\n",
       "      <td>0.005332</td>\n",
       "      <td>-0.020846</td>\n",
       "      <td>0.109276</td>\n",
       "    </tr>\n",
       "    <tr>\n",
       "      <th>c4(CD)</th>\n",
       "      <td>4.469364</td>\n",
       "      <td>1.839809e+00</td>\n",
       "      <td>1.697280e+01</td>\n",
       "      <td>-0.014500</td>\n",
       "      <td>-0.012010</td>\n",
       "      <td>0.000221</td>\n",
       "      <td>-0.000074</td>\n",
       "      <td>-0.001336</td>\n",
       "      <td>0.007261</td>\n",
       "      <td>-0.000819</td>\n",
       "      <td>0.186378</td>\n",
       "      <td>-0.009526</td>\n",
       "      <td>-0.015491</td>\n",
       "      <td>-0.002552</td>\n",
       "      <td>0.148394</td>\n",
       "    </tr>\n",
       "    <tr>\n",
       "      <th>c5(HL)</th>\n",
       "      <td>-170.909327</td>\n",
       "      <td>-1.686373e+02</td>\n",
       "      <td>-1.949985e+02</td>\n",
       "      <td>-0.185145</td>\n",
       "      <td>0.076146</td>\n",
       "      <td>0.006943</td>\n",
       "      <td>0.069614</td>\n",
       "      <td>-0.021928</td>\n",
       "      <td>0.017790</td>\n",
       "      <td>-0.012871</td>\n",
       "      <td>-0.009526</td>\n",
       "      <td>0.311303</td>\n",
       "      <td>0.077606</td>\n",
       "      <td>-0.043679</td>\n",
       "      <td>0.323810</td>\n",
       "    </tr>\n",
       "    <tr>\n",
       "      <th>c6(PS)</th>\n",
       "      <td>-114.243849</td>\n",
       "      <td>-5.014394e+01</td>\n",
       "      <td>-2.002185e+02</td>\n",
       "      <td>-0.008470</td>\n",
       "      <td>0.182832</td>\n",
       "      <td>0.007392</td>\n",
       "      <td>0.134382</td>\n",
       "      <td>0.087218</td>\n",
       "      <td>0.078104</td>\n",
       "      <td>0.005332</td>\n",
       "      <td>-0.015491</td>\n",
       "      <td>0.077606</td>\n",
       "      <td>0.424514</td>\n",
       "      <td>-0.088610</td>\n",
       "      <td>0.554859</td>\n",
       "    </tr>\n",
       "    <tr>\n",
       "      <th>c7(GA)</th>\n",
       "      <td>93.849256</td>\n",
       "      <td>5.327182e+01</td>\n",
       "      <td>1.296984e+02</td>\n",
       "      <td>0.066803</td>\n",
       "      <td>-0.107521</td>\n",
       "      <td>-0.032086</td>\n",
       "      <td>-0.108549</td>\n",
       "      <td>-0.093390</td>\n",
       "      <td>-0.049855</td>\n",
       "      <td>-0.020846</td>\n",
       "      <td>-0.002552</td>\n",
       "      <td>-0.043679</td>\n",
       "      <td>-0.088610</td>\n",
       "      <td>0.281988</td>\n",
       "      <td>-0.058427</td>\n",
       "    </tr>\n",
       "    <tr>\n",
       "      <th>LOP</th>\n",
       "      <td>-249.667371</td>\n",
       "      <td>-1.205385e+02</td>\n",
       "      <td>-3.696394e+02</td>\n",
       "      <td>-0.094624</td>\n",
       "      <td>0.288857</td>\n",
       "      <td>-0.027502</td>\n",
       "      <td>0.240212</td>\n",
       "      <td>1.103493</td>\n",
       "      <td>0.454503</td>\n",
       "      <td>0.109276</td>\n",
       "      <td>0.148394</td>\n",
       "      <td>0.323810</td>\n",
       "      <td>0.554859</td>\n",
       "      <td>-0.058427</td>\n",
       "      <td>2.648745</td>\n",
       "    </tr>\n",
       "  </tbody>\n",
       "</table>\n",
       "</div>"
      ],
      "text/plain": [
       "                nr os         nr oj         nr ma          rok       ferma  \\\n",
       "nr os   912092.504890  8.454658e+05  9.702963e+05  1140.711800 -143.060441   \n",
       "nr oj   845465.759972  2.430976e+06  1.099475e+06  1113.857828  -44.924709   \n",
       "nr ma   970296.271841  1.099475e+06  2.873119e+06  1167.603400 -302.832300   \n",
       "rok       1140.711800  1.113858e+03  1.167603e+03     1.614061   -0.038929   \n",
       "ferma     -143.060441 -4.492471e+01 -3.028323e+02    -0.038929    0.326945   \n",
       "liur       -64.550815 -8.230113e+01 -3.281710e+02    -0.077267    0.140154   \n",
       "liod      -156.250312 -1.508708e+02 -4.145483e+02    -0.103476    0.274819   \n",
       "c1(BS)      58.982765  1.198476e+02  2.869243e+01     0.166985    0.035884   \n",
       "c2(CT)    -102.330497 -7.462932e+01 -1.359549e+02    -0.104478    0.063182   \n",
       "c3(CP)     -15.958693 -7.089645e+00 -2.228627e+01    -0.011040    0.052001   \n",
       "c4(CD)       4.469364  1.839809e+00  1.697280e+01    -0.014500   -0.012010   \n",
       "c5(HL)    -170.909327 -1.686373e+02 -1.949985e+02    -0.185145    0.076146   \n",
       "c6(PS)    -114.243849 -5.014394e+01 -2.002185e+02    -0.008470    0.182832   \n",
       "c7(GA)      93.849256  5.327182e+01  1.296984e+02     0.066803   -0.107521   \n",
       "LOP       -249.667371 -1.205385e+02 -3.696394e+02    -0.094624    0.288857   \n",
       "\n",
       "              liur        liod      c1(BS)      c2(CT)     c3(CP)     c4(CD)  \\\n",
       "nr os   -64.550815 -156.250312   58.982765 -102.330497 -15.958693   4.469364   \n",
       "nr oj   -82.301125 -150.870846  119.847562  -74.629322  -7.089645   1.839809   \n",
       "nr ma  -328.171033 -414.548279   28.692425 -135.954878 -22.286269  16.972800   \n",
       "rok      -0.077267   -0.103476    0.166985   -0.104478  -0.011040  -0.014500   \n",
       "ferma     0.140154    0.274819    0.035884    0.063182   0.052001  -0.012010   \n",
       "liur      2.039003    1.582235   -0.032133   -0.022689   0.041628   0.000221   \n",
       "liod      1.582235    2.159523    0.035407    0.050393   0.046991  -0.000074   \n",
       "c1(BS)   -0.032133    0.035407    1.118227    0.063777  -0.028292  -0.001336   \n",
       "c2(CT)   -0.022689    0.050393    0.063777    0.354610  -0.007110   0.007261   \n",
       "c3(CP)    0.041628    0.046991   -0.028292   -0.007110   0.188662  -0.000819   \n",
       "c4(CD)    0.000221   -0.000074   -0.001336    0.007261  -0.000819   0.186378   \n",
       "c5(HL)    0.006943    0.069614   -0.021928    0.017790  -0.012871  -0.009526   \n",
       "c6(PS)    0.007392    0.134382    0.087218    0.078104   0.005332  -0.015491   \n",
       "c7(GA)   -0.032086   -0.108549   -0.093390   -0.049855  -0.020846  -0.002552   \n",
       "LOP      -0.027502    0.240212    1.103493    0.454503   0.109276   0.148394   \n",
       "\n",
       "            c5(HL)      c6(PS)      c7(GA)         LOP  \n",
       "nr os  -170.909327 -114.243849   93.849256 -249.667371  \n",
       "nr oj  -168.637276  -50.143937   53.271821 -120.538451  \n",
       "nr ma  -194.998492 -200.218522  129.698388 -369.639374  \n",
       "rok      -0.185145   -0.008470    0.066803   -0.094624  \n",
       "ferma     0.076146    0.182832   -0.107521    0.288857  \n",
       "liur      0.006943    0.007392   -0.032086   -0.027502  \n",
       "liod      0.069614    0.134382   -0.108549    0.240212  \n",
       "c1(BS)   -0.021928    0.087218   -0.093390    1.103493  \n",
       "c2(CT)    0.017790    0.078104   -0.049855    0.454503  \n",
       "c3(CP)   -0.012871    0.005332   -0.020846    0.109276  \n",
       "c4(CD)   -0.009526   -0.015491   -0.002552    0.148394  \n",
       "c5(HL)    0.311303    0.077606   -0.043679    0.323810  \n",
       "c6(PS)    0.077606    0.424514   -0.088610    0.554859  \n",
       "c7(GA)   -0.043679   -0.088610    0.281988   -0.058427  \n",
       "LOP       0.323810    0.554859   -0.058427    2.648745  "
      ]
     },
     "execution_count": 1,
     "metadata": {},
     "output_type": "execute_result"
    }
   ],
   "source": [
    "import pandas as pd\n",
    "\n",
    "data = pd.read_csv('https://raw.githubusercontent.com/KacperKaszuba0608/methods_of_genetic_evaluation_of_animals/main/dane.csv', sep = ';')\n",
    "\n",
    "data.cov()"
   ]
  },
  {
   "cell_type": "code",
   "execution_count": null,
   "id": "c0a6dbf7",
   "metadata": {},
   "outputs": [],
   "source": []
  }
 ],
 "metadata": {
  "kernelspec": {
   "display_name": "Python 3 (ipykernel)",
   "language": "python",
   "name": "python3"
  },
  "language_info": {
   "codemirror_mode": {
    "name": "ipython",
    "version": 3
   },
   "file_extension": ".py",
   "mimetype": "text/x-python",
   "name": "python",
   "nbconvert_exporter": "python",
   "pygments_lexer": "ipython3",
   "version": "3.9.12"
  }
 },
 "nbformat": 4,
 "nbformat_minor": 5
}
